5.717968750000000000e+01
1.302226562500000000e+02
6.032031250000000000e+01
1.498242187500000000e+02
5.927343750000000000e+01
1.754570312500000000e+02
6.555468750000000000e+01
1.950585937500000000e+02
7.392968750000000000e+01
2.146601562500000000e+02
8.963281250000000000e+01
2.252148437500000000e+02
1.063828125000000000e+02
2.267226562500000000e+02
1.220859375000000000e+02
2.282304687500000000e+02
1.377890625000000000e+02
2.282304687500000000e+02
1.503515625000000000e+02
2.267226562500000000e+02
1.608203125000000000e+02
2.191835937500000000e+02
1.660546875000000000e+02
2.056132812500000000e+02
1.681484375000000000e+02
1.860117187500000000e+02
1.691953125000000000e+02
1.679179687500000000e+02
1.712890625000000000e+02
1.498242187500000000e+02
1.723359375000000000e+02
1.317304687500000000e+02
1.712890625000000000e+02
1.121289062500000000e+02
8.125781250000000000e+01
1.211757812500000000e+02
9.015625000000000000e+01
1.136367187500000000e+02
9.905468750000000000e+01
1.106210937500000000e+02
1.095234375000000000e+02
1.106210937500000000e+02
1.194687500000000000e+02
1.121289062500000000e+02
1.409296875000000000e+02
1.091132812500000000e+02
1.477343750000000000e+02
1.076054687500000000e+02
1.545390625000000000e+02
1.060976562500000000e+02
1.613437500000000000e+02
1.045898437500000000e+02
1.681484375000000000e+02
1.091132812500000000e+02
1.336015625000000000e+02
1.196679687500000000e+02
1.356953125000000000e+02
1.332382812500000000e+02
1.388359375000000000e+02
1.453007812500000000e+02
1.409296875000000000e+02
1.573632812500000000e+02
1.189453125000000000e+02
1.649023437500000000e+02
1.283671875000000000e+02
1.649023437500000000e+02
1.377890625000000000e+02
1.664101562500000000e+02
1.440703125000000000e+02
1.633945312500000000e+02
1.493046875000000000e+02
1.588710937500000000e+02
9.067968750000000000e+01
1.256992187500000000e+02
9.486718750000000000e+01
1.226835937500000000e+02
1.074296875000000000e+02
1.196679687500000000e+02
1.126640625000000000e+02
1.226835937500000000e+02
1.074296875000000000e+02
1.241914062500000000e+02
9.591406250000000000e+01
1.256992187500000000e+02
1.440703125000000000e+02
1.196679687500000000e+02
1.493046875000000000e+02
1.151445312500000000e+02
1.587265625000000000e+02
1.166523437500000000e+02
1.629140625000000000e+02
1.181601562500000000e+02
1.587265625000000000e+02
1.196679687500000000e+02
1.493046875000000000e+02
1.211757812500000000e+02
1.042890625000000000e+02
1.920429687500000000e+02
1.178984375000000000e+02
1.875195312500000000e+02
1.336015625000000000e+02
1.845039062500000000e+02
1.367421875000000000e+02
1.845039062500000000e+02
1.409296875000000000e+02
1.829960937500000000e+02
1.482578125000000000e+02
1.845039062500000000e+02
1.534921875000000000e+02
1.875195312500000000e+02
1.493046875000000000e+02
1.935507812500000000e+02
1.430234375000000000e+02
1.965664062500000000e+02
1.367421875000000000e+02
1.995820312500000000e+02
1.262734375000000000e+02
1.995820312500000000e+02
1.158046875000000000e+02
1.965664062500000000e+02
1.063828125000000000e+02
1.920429687500000000e+02
1.220859375000000000e+02
1.905351562500000000e+02
1.367421875000000000e+02
1.905351562500000000e+02
1.451171875000000000e+02
1.890273437500000000e+02
1.524453125000000000e+02
1.875195312500000000e+02
1.451171875000000000e+02
1.890273437500000000e+02
1.367421875000000000e+02
1.905351562500000000e+02
1.210390625000000000e+02
1.920429687500000000e+02
