6.385156250000000000e+01
1.043750000000000000e+02
6.385156250000000000e+01
1.306250000000000000e+02
6.492968750000000000e+01
1.533750000000000000e+02
6.492968750000000000e+01
1.778750000000000000e+02
7.247656250000000000e+01
1.988750000000000000e+02
8.541406250000000000e+01
2.128750000000000000e+02
9.835156250000000000e+01
2.233750000000000000e+02
1.134453125000000000e+02
2.286250000000000000e+02
1.285390625000000000e+02
2.286250000000000000e+02
1.447109375000000000e+02
2.286250000000000000e+02
1.598046875000000000e+02
2.251250000000000000e+02
1.727421875000000000e+02
2.146250000000000000e+02
1.846015625000000000e+02
1.988750000000000000e+02
1.921484375000000000e+02
1.778750000000000000e+02
1.932265625000000000e+02
1.533750000000000000e+02
1.932265625000000000e+02
1.306250000000000000e+02
1.932265625000000000e+02
1.043750000000000000e+02
7.355468750000000000e+01
9.387500000000000000e+01
8.325781250000000000e+01
8.862500000000000000e+01
9.403906250000000000e+01
8.775000000000000000e+01
1.048203125000000000e+02
8.775000000000000000e+01
1.161406250000000000e+02
9.125000000000000000e+01
1.403984375000000000e+02
9.125000000000000000e+01
1.506406250000000000e+02
8.862500000000000000e+01
1.619609375000000000e+02
8.775000000000000000e+01
1.732812500000000000e+02
8.687500000000000000e+01
1.835234375000000000e+02
9.212500000000000000e+01
1.285390625000000000e+02
1.026250000000000000e+02
1.274609375000000000e+02
1.183750000000000000e+02
1.274609375000000000e+02
1.323750000000000000e+02
1.274609375000000000e+02
1.481250000000000000e+02
1.145234375000000000e+02
1.586250000000000000e+02
1.209921875000000000e+02
1.586250000000000000e+02
1.274609375000000000e+02
1.603750000000000000e+02
1.350078125000000000e+02
1.586250000000000000e+02
1.414765625000000000e+02
1.586250000000000000e+02
8.433593750000000000e+01
1.043750000000000000e+02
9.080468750000000000e+01
9.912500000000000000e+01
1.048203125000000000e+02
9.737500000000000000e+01
1.102109375000000000e+02
1.043750000000000000e+02
1.037421875000000000e+02
1.061250000000000000e+02
9.080468750000000000e+01
1.061250000000000000e+02
1.447109375000000000e+02
1.043750000000000000e+02
1.511796875000000000e+02
9.737500000000000000e+01
1.662734375000000000e+02
1.008750000000000000e+02
1.727421875000000000e+02
1.061250000000000000e+02
1.662734375000000000e+02
1.078750000000000000e+02
1.522578125000000000e+02
1.061250000000000000e+02
1.026640625000000000e+02
1.813750000000000000e+02
1.134453125000000000e+02
1.796250000000000000e+02
1.242265625000000000e+02
1.778750000000000000e+02
1.285390625000000000e+02
1.778750000000000000e+02
1.328515625000000000e+02
1.778750000000000000e+02
1.457890625000000000e+02
1.796250000000000000e+02
1.587265625000000000e+02
1.831250000000000000e+02
1.490234375000000000e+02
1.883750000000000000e+02
1.382421875000000000e+02
1.918750000000000000e+02
1.285390625000000000e+02
1.936250000000000000e+02
1.188359375000000000e+02
1.918750000000000000e+02
1.112890625000000000e+02
1.883750000000000000e+02
1.048203125000000000e+02
1.831250000000000000e+02
1.166796875000000000e+02
1.831250000000000000e+02
1.285390625000000000e+02
1.848750000000000000e+02
1.425546875000000000e+02
1.831250000000000000e+02
1.565703125000000000e+02
1.831250000000000000e+02
1.425546875000000000e+02
1.831250000000000000e+02
1.285390625000000000e+02
1.831250000000000000e+02
1.166796875000000000e+02
1.831250000000000000e+02
