6.850000000000000000e+01
1.101679687500000000e+02
6.850000000000000000e+01
1.299648437500000000e+02
6.750000000000000000e+01
1.511757812500000000e+02
6.450000000000000000e+01
1.709726562500000000e+02
6.950000000000000000e+01
1.893554687500000000e+02
7.850000000000000000e+01
2.063242187500000000e+02
9.050000000000000000e+01
2.176367187500000000e+02
1.055000000000000000e+02
2.204648437500000000e+02
1.195000000000000000e+02
2.204648437500000000e+02
1.315000000000000000e+02
2.204648437500000000e+02
1.435000000000000000e+02
2.176367187500000000e+02
1.515000000000000000e+02
2.063242187500000000e+02
1.565000000000000000e+02
1.921835937500000000e+02
1.605000000000000000e+02
1.766289062500000000e+02
1.635000000000000000e+02
1.596601562500000000e+02
1.665000000000000000e+02
1.441054687500000000e+02
1.705000000000000000e+02
1.285507812500000000e+02
8.850000000000000000e+01
1.045117187500000000e+02
9.700000000000000000e+01
1.002695312500000000e+02
1.055000000000000000e+02
1.002695312500000000e+02
1.145000000000000000e+02
1.023906250000000000e+02
1.220000000000000000e+02
1.059257812500000000e+02
1.435000000000000000e+02
1.115820312500000000e+02
1.505000000000000000e+02
1.101679687500000000e+02
1.575000000000000000e+02
1.087539062500000000e+02
1.640000000000000000e+02
1.101679687500000000e+02
1.695000000000000000e+02
1.158242187500000000e+02
1.325000000000000000e+02
1.214804687500000000e+02
1.325000000000000000e+02
1.313789062500000000e+02
1.315000000000000000e+02
1.426914062500000000e+02
1.325000000000000000e+02
1.540039062500000000e+02
1.125000000000000000e+02
1.568320312500000000e+02
1.205000000000000000e+02
1.582460937500000000e+02
1.285000000000000000e+02
1.610742187500000000e+02
1.345000000000000000e+02
1.610742187500000000e+02
1.395000000000000000e+02
1.596601562500000000e+02
9.450000000000000000e+01
1.158242187500000000e+02
9.950000000000000000e+01
1.129960937500000000e+02
1.095000000000000000e+02
1.158242187500000000e+02
1.135000000000000000e+02
1.200664062500000000e+02
1.085000000000000000e+02
1.214804687500000000e+02
9.850000000000000000e+01
1.186523437500000000e+02
1.445000000000000000e+02
1.243085937500000000e+02
1.485000000000000000e+02
1.200664062500000000e+02
1.585000000000000000e+02
1.228945312500000000e+02
1.615000000000000000e+02
1.271367187500000000e+02
1.575000000000000000e+02
1.285507812500000000e+02
1.485000000000000000e+02
1.271367187500000000e+02
9.550000000000000000e+01
1.794570312500000000e+02
1.085000000000000000e+02
1.794570312500000000e+02
1.215000000000000000e+02
1.794570312500000000e+02
1.245000000000000000e+02
1.794570312500000000e+02
1.285000000000000000e+02
1.794570312500000000e+02
1.365000000000000000e+02
1.822851562500000000e+02
1.415000000000000000e+02
1.879414062500000000e+02
1.365000000000000000e+02
1.893554687500000000e+02
1.305000000000000000e+02
1.907695312500000000e+02
1.235000000000000000e+02
1.907695312500000000e+02
1.145000000000000000e+02
1.879414062500000000e+02
1.055000000000000000e+02
1.851132812500000000e+02
9.650000000000000000e+01
1.794570312500000000e+02
1.115000000000000000e+02
1.822851562500000000e+02
1.245000000000000000e+02
1.836992187500000000e+02
1.325000000000000000e+02
1.851132812500000000e+02
1.405000000000000000e+02
1.865273437500000000e+02
1.325000000000000000e+02
1.851132812500000000e+02
1.245000000000000000e+02
1.836992187500000000e+02
1.115000000000000000e+02
1.822851562500000000e+02
